1 0.192520775 0.4986149578125 0.1745152359375 0.430747921875 0.2271468140625 0.4099722984375 0.1481994453125 0.28254847656250004 0.027700831250000002 0.36426592812499997 0.03185595625 0.3850415515625 0.1648199453125 0.513850415625 0.192520775 0.4986149578125
1 0.3670360109375 0.3518005546875 0.2867036015625 0.22299168906250003 0.1509695296875 0.285318559375 0.22853185625 0.4127423828125 0.3670360109375 0.3518005546875
1 0.4736842109375 0.3157894734375 0.40166205 0.178670359375 0.29501385 0.2257617734375 0.3711911359375 0.3518005546875 0.4736842109375 0.3157894734375
1 0.588642659375 0.281163434375 0.5401662046875 0.1578947375 0.4127423828125 0.18975069218750001 0.4736842109375 0.3199445984375 0.588642659375 0.281163434375
1 0.718836565625 0.2520775625 0.6385041546875 0.1385041546875 0.5457063718749999 0.1759002765625 0.58310249375 0.2880886421875 0.718836565625 0.2520775625
1 0.3767313015625 0.5110803328125 0.328254846875 0.3947368421875 0.289473684375 0.3725761765625 0.17313019375 0.42936288125 0.23268698125 0.5678670359375 0.3767313015625 0.5110803328125
1 0.486149584375 0.4889196671875 0.43213296406249996 0.31163434843750004 0.3157894734375 0.37811634375000003 0.3628808859375 0.5221606640625 0.486149584375 0.4889196671875
1 0.635734071875 0.42797783906250003 0.588642659375 0.27977839375 0.5637119109375 0.27423822656249996 0.43767312968749994 0.3240997234375 0.470914128125 0.48337950156250004 0.635734071875 0.42797783906250003
1 0.6939058171875 0.40720221562500003 0.710526315625 0.430747921875 0.7603878109375 0.39889196718750003 0.757617728125 0.30055401718749997 0.7132963984375 0.24653739687499998 0.588642659375 0.2922437671875 0.6385041546875 0.42520775625 0.6939058171875 0.40720221562500003
1 0.3351800546875 0.9044321328124999 0.5512465375 0.8545706375 0.5096952906250001 0.6204986156250001 0.43767312968749994 0.4792243765625 0.289473684375 0.5429362875 0.265927978125 0.7479224375 0.3351800546875 0.9044321328124999
1 0.529085871875 0.808864265625 0.62603878125 0.83102493125 0.70498615 0.7977839328125 0.5720221609375 0.4459833796875 0.5526315796875 0.4418282546875 0.44044321406250003 0.48753462656249996 0.53185595625 0.695290859375 0.529085871875 0.808864265625
1 0.6481994453125 0.808864265625 0.8116343484374999 0.7867036015625 0.761772853125 0.5484764546875 0.692520775 0.40304709218749996 0.5747922437499999 0.45290858749999996 0.6523545703125 0.663434903125 0.6481994453125 0.808864265625
1 0.793628809375 0.7313019390625 0.9127423828125 0.77562326875 0.8850415515625001 0.6149584484374999 0.8864265921875001 0.556786703125 0.8227146812499999 0.40166205 0.7645429359375 0.3850415515625 0.70498615 0.42936288125 0.7714681437500001 0.5969529078125 0.793628809375 0.7313019390625