1 0 0.5794270828125 0.013427734375 0.6852213546875 0.1318359375 0.6754557296875 0.230712890625 0.5908203125 0.2197265625 0.2685546875 0.028076171875 0.2734375 0 0.478515625 0 0.5794270828125
1 0.4296875 1 0.462646484375 0.9326171875 0.465087890625 0.7666015625 0.426025390625 0.6510416671875 0.262451171875 0.5631510421875 0.05859375 0.6819661453125 0.0830078125 0.869140625 0.150146484375 0.8837890625 0.235595703125 1 0.4296875 1
1 0.37841796875 0.6510416671875 0.411376953125 0.6477864578125 0.56640625 0.5110677078125 0.42236328125 0.3466796875 0.28564453125 0.3336588546875 0.20263671875 0.4410807296875 0.33203125 0.595703125 0.37841796875 0.6510416671875
1 0.32958984375 0.2604166671875 0.323486328125 0.185546875 0.369873046875 0.09602864531250001 0.32958984375 0.0472005203125 0.1953125 0.0374348953125 0.167236328125 0.1009114578125 0.09033203125 0.2392578125 0.302734375 0.3499348953125 0.32958984375 0.2604166671875
1 0.340576171875 0.380859375 0.43701171875 0.361328125 0.5810546875 0.24251302031250002 0.579833984375 0.09114583281250001 0.369873046875 0.1643880203125 0.330810546875 0.20670572968749998 0.30029296875 0.33203125 0.340576171875 0.380859375
1 0.31494140625 0.1936848953125 0.350341796875 0.20182291718749998 0.56396484375 0.09440104218749999 0.599365234375 0 0.345458984375 0.0162760421875 0.36376953125 0.1204427078125 0.31494140625 0.1936848953125
1 0.601806640625 0.1253255203125 0.84228515625 0.21647135468749998 0.872802734375 0.17578125 0.755615234375 0 0.58837890625 0.0032552078125 0.574951171875 0.087890625 0.601806640625 0.1253255203125
1 0.79345703125 0.3580729171875 0.926513671875 0.3271484375 0.858154296875 0.20833333281250002 0.582275390625 0.1041666671875 0.574951171875 0.2620442703125 0.79345703125 0.3580729171875
1 1 0.4671223953125 0.926513671875 0.3141276046875 0.83251953125 0.3255208328125 0.770263671875 0.3597005203125 0.762939453125 0.4638671875 0.911865234375 0.7633463546875 1 0.7666015625 1 0.4671223953125
1 0.411376953125 0.3499348953125 0.570068359375 0.5078125 0.723876953125 0.5159505203125 0.765380859375 0.4069010421875 0.771484375 0.3434244796875 0.716552734375 0.3108723953125 0.574951171875 0.24088541718749998 0.455322265625 0.29296875 0.411376953125 0.3499348953125
1 0.71044921875 0.9651692703125001 0.9716796875 0.8951822921874999 0.8642578125 0.6608072921875 0.76904296875 0.4703776046875 0.731201171875 0.4622395828125 0.6982421875 0.52734375 0.61767578125 0.5029296875 0.5908203125 0.517578125 0.643310546875 0.6201171875 0.71044921875 0.9651692703125001
1 0.718994140625 1 0.63720703125 0.5973307296875 0.577392578125 0.5078125 0.487060546875 0.5289713546875 0.416259765625 0.6038411453125 0.465087890625 0.8024088546874999 0.4248046875 1 0.718994140625 1