5 0.47607421875 1 0.5078125 0.9309895828125001 0.496826171875 0.8138020828125001 0.396728515625 0.56640625 0.2490234375 0.6315104171875 0.150146484375 0.6949869796875 0.146484375 0.8089192703125001 0.24169921875 1 0.47607421875 1
5 0.386962890625 0.5647786453125 0.3564453125 0.4036458328125 0.25146484375 0.3515625 0.203857421875 0.390625 0.15869140625 0.3662109375 0.020751953125 0.4622395828125 0.074462890625 0.5859375 0.064697265625 0.7047526046875 0.125732421875 0.7552083328125 0.386962890625 0.5647786453125
5 0.04638671875 0.3922526046875 0.262451171875 0.380859375 0.24169921875 0.2864583328125 0.262451171875 0.1595052078125 0.0634765625 0.09440104218749999 0.0244140625 0.2197265625 0.04638671875 0.24739583281250002 0.001220703125 0.33203125 0.04638671875 0.3922526046875
5 0.482177734375 0.3873697921875 0.45654296875 0.2734375 0.4345703125 0.1399739578125 0.269775390625 0.1578776046875 0.238037109375 0.2620442703125 0.272216796875 0.3629557296875 0.343017578125 0.400390625 0.482177734375 0.3873697921875
5 0.218505859375 0 0.18798828125 0.06673177031250001 0.218505859375 0.1334635421875 0.435791015625 0.1253255203125 0.418701171875 0 0.218505859375 0
5 0.478515625 0 0.428466796875 0.087890625 0.447998046875 0.1790364578125 0.667724609375 0.1643880203125 0.61279296875 0.06022135468749999 0.645751953125 0 0.478515625 0
5 0.90576171875 0.1578776046875 0.84716796875 0 0.6396484375 0.029296875 0.6298828125 0.1171875 0.682373046875 0.21647135468749998 0.888671875 0.21158854218749998 0.90576171875 0.1578776046875
5 0.4541015625 0.390625 0.62255859375 0.4134114578125 0.67138671875 0.41015625 0.6884765625 0.1546223953125 0.509033203125 0.146484375 0.4443359375 0.1985677078125 0.4541015625 0.390625
5 0.82763671875 0.1790364578125 0.73974609375 0.23274739531250002 0.679931640625 0.22623697968749998 0.672607421875 0.3385416671875 0.831298828125 0.4752604171875 1 0.3776041671875 0.82763671875 0.1790364578125
5 0.670166015625 0.4475911453125 0.614013671875 0.3743489578125 0.377197265625 0.3776041671875 0.372314453125 0.4654947921875 0.4248046875 0.6689453125 0.687255859375 0.6038411453125 0.670166015625 0.4475911453125
5 0.765380859375 1 0.89599609375 0.8284505203125001 0.863037109375 0.7503255203125 0.71533203125 0.5794270828125 0.50048828125 0.6477864578125 0.457763671875 0.7682291671875 0.592041015625 1 0.765380859375 1
5 0.894775390625 0.78125 1 0.6201171875 0.992431640625 0.4768880203125 0.826416015625 0.4313151046875 0.77392578125 0.4296875 0.6787109375 0.517578125 0.673828125 0.5794270828125 0.828857421875 0.7763671875 0.894775390625 0.78125