5 0.075324675 0.505267265625 0.128571428125 0.5930550140624999 0.22467532499999998 0.6554818578125 0.302597403125 0.569644946875 0.2077922078125 0.4584471328125 0.1948051953125 0.40187280468750003 0.1376623375 0.3921186109375 0.015584415625 0.4408895828125 0.075324675 0.505267265625
5 0.4051948046875 0.8642216156250001 0.4584415578125 0.8037456109375001 0.5051948046875 0.8193523218750001 0.5142857140625 0.756925478125 0.4896103890625 0.604760046875 0.4272727265625 0.5403823640625001 0.428571428125 0.47015216562499995 0.3571428578125 0.4506437765625 0.3142857140625 0.507218103125 0.30519480468750004 0.6593835343750001 0.4051948046875 0.8642216156250001
5 0.20649350625000001 0.47405384375 0.3233766234375 0.507218103125 0.3636363640625 0.460397971875 0.3272727265625 0.308232540625 0.18051948125 0.20678891875 0.135064934375 0.3374951234375 0.2 0.397971128125 0.20649350625000001 0.47405384375
5 0.3870129875 0.290674990625 0.4272727265625 0.34529847812500003 0.4883116890625 0.31993757343749996 0.403896103125 0.1541162703125 0.3727272734375 0.2165431140625 0.2740259734375 0.148263753125 0.3103896109375 0.25946156875000004 0.3870129875 0.290674990625
5 0.5298701296874999 0.282871634375 0.5675324671875 0.2867733125 0.50649350625 0.1502145921875 0.4519480515625 0.1775263359375 0.3012987015625 0.27701911875 0.3701298703125 0.3999219671875 0.5298701296874999 0.282871634375
5 0.41688311718750004 0.45649629375 0.440259740625 0.5169722984375 0.49610389687499995 0.5228248140625 0.51948051875 0.43893874374999997 0.4831168828125 0.3218884125 0.433766234375 0.335544284375 0.41688311718750004 0.45649629375
5 0.6116883109375 0.40382364375 0.764935065625 0.41552867656250003 0.822077921875 0.38236441718749997 0.7389610390625 0.2984783453125 0.6493506499999999 0.282871634375 0.5987012984375 0.24580569687499998 0.502597403125 0.31798673437499997 0.522077921875 0.36870854531249997 0.6116883109375 0.40382364375
5 0.61818181875 0.5989075296874999 0.709090909375 0.532579009375 0.8025974031249999 0.5169722984375 0.8 0.42138119375 0.5909090906250001 0.372610221875 0.5831168828125 0.532579009375 0.61818181875 0.5989075296874999
5 0.696103896875 0.6866952796875 0.7 0.7413187671875 0.8337662343750001 0.7276628953125 0.8376623375 0.6476785015625001 0.74935065 0.52867733125 0.68051948125 0.5481857203125 0.628571428125 0.61841591875 0.696103896875 0.6866952796875
5 0.4883116890625 0.5345298484375001 0.4948051953125 0.5657432703125 0.559740259375 0.5540382359375 0.5883116890625 0.4486929375 0.5701298703125001 0.3765119 0.5233766234375 0.3999219671875 0.5233766234375 0.47405384375 0.4883116890625 0.5345298484375001
5 0.5883116890625 0.8954350375000001 0.766233765625 0.8193523218750001 0.7480519484375 0.7588763171874999 0.653246753125 0.61841591875 0.53116883125 0.5306281703125 0.46103896093749996 0.6028092078125 0.5272727265625 0.76082715625 0.5883116890625 0.8954350375000001