0 0 0.5493079578125 0.10368663593750001 0.48875432500000004 0.099366359375 0.44658304531250004 0.002880184375 0.456314878125 0 0.5493079578125
0 0 0.657439446875 0.21025345624999997 0.4768598609375 0.1944124421875 0.45198961875 0.0835253453125 0.481185121875 0 0.5363321796875 0 0.657439446875
0 0 0.6509515578125 0.0043202765625 0.760164359375 0.08640552968750001 0.7547577859375 0.25633640625 0.48551038125 0.22753456249999998 0.4498269890625 0.2088133640625 0.4638840828125 0 0.6509515578125
0 0.2433755765625 0.5179498265625 0.0360023046875 0.788278546875 0.36002304218750003 0.748269896875 0.36002304218750003 0.484429065625 0.236175115625 0.5114619375 0.2433755765625 0.5179498265625
0 0.3758640546875 0.6076989625 0.3456221203125 0.74718858125 0.23905530000000003 0.7590830453125 0.2347350234375 0.8044982703124999 0.5069124421875 0.7536764703125 0.5040322578125 0.652032871875 0.400345621875 0.5114619375 0.349942396875 0.5190311421875 0.3758640546875 0.6076989625
0 0.5040322578125 0.7450259515625001 0.41474654375000003 0.76989619375 0.41474654375000003 0.8066609 0.7258064515625 0.76989619375 0.542914746875 0.5363321796875 0.43490783437499997 0.557958478125 0.5040322578125 0.7450259515625001
0 0.4838709671875 0.28114186874999997 0.496831796875 0.25843425625 0.32978110625 0.21950692031250002 0.11520737343750001 0.33953287187500003 0.11520737343750001 0.3773788921875 0.23905530000000003 0.39467993125 0.4838709671875 0.28114186874999997
0 0.23905530000000003 0.39684256093750003 0.446428571875 0.43685121093749996 0.457949309375 0.38170415156250004 0.5976382484375 0.28546712812499997 0.5630760375 0.23572664375 0.5011520734375 0.27249135 0.253456221875 0.3589965390625 0.23905530000000003 0.39684256093750003
0 0.429147465625 0.37629757812500003 0.429147465625 0.4206314875 0.633640553125 0.40549307968750004 0.701324884375 0.280060553125 0.6826036859375 0.2551903109375 0.601958525 0.2833044984375 0.429147465625 0.37629757812500003
0 0.6307603687500001 0.3914359859375 0.491071428125 0.40873702500000003 0.4838709671875 0.45739619375 0.7459677421875 0.41738754375 0.8683755765625 0.3243944640625 0.8741359453124999 0.3092560546875 0.843894009375 0.271410034375 0.6797235015624999 0.302768165625 0.6307603687500001 0.3914359859375
0 0.7459677421875 0.40657439375 0.6883640546875001 0.4184688578125 0.6696428578125 0.4682093421875 0.9432603687500001 0.484429065625 0.9994239625000001 0.407655709375 1 0.3373702421875 0.8568548390625 0.31358131562499997 0.7459677421875 0.40657439375